130.099
130.299
130.499
130.699
130.899
131.099
131.299
131.499
131.699
131.899
132.099
132.299
132.499
132.699
132.899
133.099
133.299
133.499
133.699
133.899
134.099
134.299
134.499
134.699
134.899
135.099
135.299
135.499
135.699
135.899
136.099
136.299
136.499
136.699
136.899
137.099
137.299
137.499
137.699
137.899
138.099
138.299
138.499
138.699
138.899
139.099
139.299
139.499
139.699
139.899
140.099
140.299
140.499
140.699
140.899
141.099
141.299
141.499
141.699
141.899
142.099
142.299
142.499
142.699
142.899
143.099
143.299
143.499
143.699
143.899
144.099
144.299
144.499
144.699
144.899
145.099
145.299
145.499
145.699
145.899
146.099
146.299
146.499
146.699
146.899
147.099
147.299
147.499
147.699
147.899
148.099
148.299
148.499
148.699
148.899
149.099
149.299
149.499
149.699
149.899
150.099
150.299
150.499
150.699
150.899
151.099
151.299
151.499
151.699
151.899
152.099
152.299
152.499
152.699
152.899
153.099
153.299
153.499
153.699
153.899
154.099
154.299
154.499
154.699
154.899
155.099
155.299
155.499
155.699
155.899
156.099
156.299
156.499
156.699
156.899
157.099
157.299
157.499
157.699
157.899
158.099
158.299
158.499
158.699
158.899
159.099
159.299
159.499
159.699
159.899
160.099
160.299
160.499
160.699
160.899
161.099
161.299
161.499
161.699
161.899
162.099
162.299
162.499
162.699
162.899
163.099
163.299
163.499
163.699
163.899
164.099
164.299
164.499
164.699
164.899
165.099
165.299
165.499
165.699
165.899
166.099
166.299
166.499
166.699
166.899
167.099
167.299
167.499
167.699
167.899
168.099
168.299
168.499
168.699
168.899
169.099
169.299
169.499
169.699
169.899
170.099
170.299
170.499
170.699
170.899
171.099
171.299
171.499
171.699
171.899
172.099
172.299
172.499
172.699
172.899
173.099
173.299
173.499
173.699
173.899
174.099
174.299
174.499
174.699
174.899
175.099
175.299
175.499
175.699
175.899
176.099
176.299
176.499
176.699
176.899
177.099
177.299
177.499
177.699
177.899
178.099
178.299
178.499
178.699
178.899
179.099
179.299
179.499
179.699
179.899
180.099
180.299
180.499
180.699
180.899
181.099
181.299
181.499
181.699
181.899
182.099
182.299
182.499
182.699
182.899
183.099
183.299
183.499
183.699
183.899
184.099
184.299
184.499
184.699
184.899
185.099
185.299
185.499
185.699
185.899
186.099
186.299
186.499
186.699
186.899
187.099
187.299
187.499
187.699
187.899
188.099
188.299
188.499
188.699
188.899
189.099
189.299
189.499
189.699
189.899
190.099
190.299
190.499
190.699
190.899
191.099
191.299
191.499
191.699
191.899
192.099
192.299
192.499
192.699
192.899
193.099
193.299
193.499
193.699
193.899
194.099
194.299
194.499
194.699
194.899
195.099
195.299
195.499
195.699
195.899
196.099
196.299
196.499
196.699
196.899
197.099
197.299
197.499
197.699
197.899
198.099
198.299
198.499
198.699
198.899
199.099
199.299
199.499
199.699
199.899
200.099
200.299
200.499
200.699
200.899
201.099
201.299
201.499
201.699
201.899
202.099
202.299
202.499
202.699
202.899
203.099
203.299
203.499
203.699
203.899
204.099
204.299
204.499
204.699
204.899
205.099
205.299
205.499
205.699
205.899
206.099
206.299
206.499
206.699
206.899
207.099
207.299
207.499
207.699
207.899
208.099
208.299
208.499
208.699
208.899
209.099
209.299
209.499
209.699
209.899
210.099
210.299
210.499
210.699
210.899
211.099
211.299
211.499
211.699
211.899
212.099
212.299
212.499
212.699
212.899
213.099
213.299
213.499
213.699
213.899
214.099
214.299
214.499
214.699
214.899
215.099
215.299
215.499
215.699
215.899
216.099
216.299
216.499
216.699
216.899
217.099
217.299
217.499
217.699
217.899
218.099
218.299
218.499
218.699
218.899
219.099
219.299
219.499
219.699
219.899
220.099
220.299
220.499
220.699
220.899
221.099
221.299
221.499
221.699
221.899
222.099
222.299
222.499
222.699
222.899
223.099
223.299
223.499
223.699
223.899
224.099
224.299
224.499
224.699
224.899
225.099
225.299
225.499
225.699
225.899
226.099
226.299
226.499
226.699
226.899
227.099
227.299
227.499
227.699
227.899
228.099
228.299
228.499
228.699
228.899
229.099
229.299
229.499
229.699
229.899
230.099
230.299
230.499
230.699
230.899
231.099
231.299
231.499
231.699
231.899
232.099
232.299
232.499
232.699
232.899
233.099
233.299
233.499
233.699
233.899
234.099
234.299
234.499
234.699
234.899
235.099
235.299
235.499
235.699
235.899
236.099
236.299
236.499
236.699
236.899
237.099
237.299
237.499
237.699
237.899
238.099
238.299
238.499
238.699
238.899
239.099
239.299
239.499
239.699
239.899
240.099
240.299
240.499
240.699
240.899
241.099
241.299
241.499
241.699
241.899
242.099
242.299
242.499
242.699
242.899
243.099
243.299
243.499
243.699
243.899
244.099
244.299
244.499
244.699
244.899
245.099
245.299
245.499
245.699
245.899
246.099
246.299
246.499
246.699
246.899
247.099
247.299
247.499
247.699
247.899
248.099
248.299
248.499
248.699
248.899
249.099
249.299
249.499
249.699
249.899
250.099
250.299
250.499
250.699
250.899
251.099
251.299
251.499
251.699
251.899
252.099
252.299
252.499
252.699
252.899
253.099
253.299
253.499
253.699
253.899
254.099
254.299
254.499
254.699
254.899
255.099
255.299
255.499
255.699
255.899
256.099
256.299
256.499
256.699
256.899
257.099
257.299
257.499
257.699
257.899
258.099
258.299
258.499
258.699
258.899
259.099
259.299
259.499
259.699
259.899
260.099
260.299
260.499
260.699
260.899
261.099
261.299
261.499
261.699
261.899
262.099
262.299
262.499
262.699
262.899
263.099
263.299
263.499
263.699
263.899
264.099
264.299
264.499
264.699
264.899
265.099
265.299
265.499
265.699
265.899
266.099
266.299
266.499
266.699
266.899
267.099
267.299
267.499
267.699
267.899
268.099
268.299
268.499
268.699
268.899
269.099
269.299
269.499
269.699
269.899
270.099
270.299
270.499
270.699
270.899
271.099
271.299
271.499
271.699
271.899
272.099
272.299
272.499
272.699
272.899
273.099
273.299
273.499
273.699
273.899
274.099
274.299
274.499
274.699
274.899
275.099
275.299
275.499
275.699
275.899
276.099
276.299
276.499
276.699
276.899
277.099
277.299
277.499
277.699
277.899
278.099
278.299
278.499
278.699
278.899
279.099
279.299
279.499
279.699
279.899
280.099
280.299
280.499
280.699
280.899
281.099
281.299
281.499
281.699
281.899
282.099
282.299
282.499
282.699
282.899
283.099
283.299
283.499
283.699
283.899
284.099
284.299
284.499
284.699
284.899
285.099
285.299
285.499
285.699
285.899
286.099
286.299
286.499
286.699
286.899
287.099
287.299
287.499
287.699
287.899
288.099
288.299
288.499
288.699
288.899
289.099
289.299
289.499
289.699
289.899
290.099
290.299
290.499
290.699
290.899
291.099
291.299
291.499
291.699
291.899
292.099
292.299
292.499
292.699
292.899
293.099
293.299
293.499
293.699
293.899
294.099
294.299
294.499
294.699
294.899
295.099
295.299
295.499
295.699
295.899
296.099
296.299
296.499
296.699
296.899
297.099
297.299
297.499
297.699
297.899
298.099
298.299
298.499
298.699
298.899
299.099
299.299
299.499
299.699
299.899
300.099
300.299
300.499
300.699
300.899
301.099
301.299
301.499
301.699
301.899
302.099
302.299
302.499
302.699
302.899
303.099
303.299
303.499
303.699
303.899
304.099
304.299
304.499
304.699
304.899
305.099
305.299
305.499
305.699
305.899
306.099
306.299
306.499
306.699
306.899
307.099
307.299
307.499
307.699
307.899
308.099
308.299
308.499
308.699
308.899
309.099
309.299
309.499
309.699
309.899
310.099
310.299
310.499
310.699
310.899
311.099
311.299
311.499
311.699
311.899
312.099
312.299
312.499
312.699
312.899
313.099
313.299
313.499
313.699
313.899
314.099
314.299
314.499
314.699
314.899
315.099
315.299
315.499
315.699
315.899
316.099
316.299
316.499
316.699
316.899
317.099
317.299
317.499
317.699
317.899
318.099
318.299
318.499
318.699
318.899
319.099
319.299
319.499
319.699
319.899
320.099
320.299
320.499
320.699
320.899
321.099
321.299
321.499
321.699
321.899
322.099
322.299
322.499
322.699
322.899
323.099
323.299
323.499
323.699
323.899
324.099
324.299
324.499
324.699
324.899
325.099
325.299
325.499
325.699
325.899
326.099
326.299
326.499
326.699
326.899
327.099
327.299
327.499
327.699
327.899
328.099
328.299
328.499
328.699
328.899
329.099
329.299
329.499
329.699
329.899
330.099
330.299
330.499
330.699
330.899
331.099
331.299
331.499
331.699
331.899
332.099
332.299
332.499
332.699
332.899
333.099
333.299
333.499
333.699
333.899
334.099
334.299
334.499
334.699
334.899
335.099
335.299
335.499
335.699
335.899
336.099
336.299
336.499
336.699
336.899
337.099
337.299
337.499
337.699
337.899
338.099
338.299
338.499
338.699
338.899
339.099
339.299
339.499
339.699
339.899
340.099
340.299
340.499
340.699
340.899
341.099
341.299
341.499
341.699
341.899
342.099
342.299
342.499
342.699
342.899
343.099
343.299
343.499
343.699
343.899
344.099
344.299
344.499
344.699
344.899
345.099
345.299
345.499
345.699
345.899
346.099
346.299
346.499
346.699
346.899
347.099
347.299
347.499
347.699
347.899
348.099
348.299
348.499
348.699
348.899
349.099
349.299
349.499
349.699
349.899
350.099
350.299
350.499
350.699
350.899
351.099
351.299
351.499
351.699
351.899
352.099
352.299
352.499
352.699
352.899
353.099
353.299
353.499
353.699
353.899
354.099
354.299
354.499
354.699
354.899
355.099
355.299
355.499
355.699
355.899
356.099
356.299
356.499
356.699
356.899
357.099
357.299
357.499
357.699
357.899
358.099
358.299
358.499
358.699
358.899
359.099
359.299
359.499
359.699
359.899
360.099
360.299
360.499
360.699
360.899
361.099
361.299
361.499
361.699
361.899
362.099
362.299
362.499
362.699
362.899
363.099
363.299
363.499
363.699
363.899
364.099
364.299
364.499
364.699
364.899
365.099
365.299
365.499
365.699
365.899
366.099
366.299
366.499
366.699
366.899
367.099
367.299
367.499
367.699
367.899
368.099
368.299
368.499
368.699
368.899
369.099
369.299
369.499
369.699
369.899
370.099
370.299
370.499
370.699
370.899
371.099
371.299
371.499
371.699
371.899
372.099
372.299
372.499
372.699
372.899
373.099
373.299
373.499
373.699
373.899
374.099
374.299
374.499
374.699
374.899
375.099
375.299
375.499
375.699
375.899
376.099
376.299
376.499
376.699
376.899
377.099
377.299
377.499
377.699
377.899
378.099
378.299
378.499
378.699
378.899
379.099
379.299
379.499
379.699
379.899
380.099
380.299
380.499
380.699
380.899
381.099
381.299
381.499
381.699
381.899
382.099
382.299
382.499
382.699
382.899
383.099
383.299
383.499
383.699
383.899
384.099
384.299
384.499
384.699
384.899
385.099
385.299
385.499
385.699
385.899
386.099
386.299
386.499
386.699
386.899
387.099
387.299
387.499
387.699
387.899
388.099
388.299
388.499
388.699
388.899
389.099
389.299
389.499
389.699
389.899
390.099
390.299
390.499
390.699
390.899
391.099
391.299
391.499
391.699
391.899
392.099
392.299
392.499
392.699
392.899
393.099
393.299
393.499
393.699
393.899
394.099
394.299
394.499
394.699
394.899
395.099
395.299
395.499
395.699
395.899
396.099
396.299
396.499
396.699
396.899
397.099
397.299
397.499
397.699
397.899
398.099
398.299
398.499
398.699
398.899
399.099
399.299
399.499
399.699
399.899
400.099
400.299
400.499
400.699
400.899
401.099
401.299
401.499
401.699
401.899
402.099
402.299
402.499
402.699
402.899
403.099
403.299
403.499
403.699
403.899
404.099
404.299
404.499
404.699
404.899
405.099
405.299
405.499
405.699
405.899
406.099
406.299
406.499
406.699
406.899
407.099
407.299
407.499
407.699
407.899
408.099
408.299
408.499
408.699
408.899
409.099
409.299
409.499
409.699
409.899
410.099
410.299
410.499
410.699
410.899
411.099
411.299
411.499
411.699
411.899
412.099
412.299
412.499
412.699
412.899
413.099
413.299
413.499
413.699
413.899
414.099
414.299
414.499
414.699
414.899
415.099
415.299
415.499
415.699
415.899
416.099
416.299
416.499
416.699
416.899
417.099
417.299
417.499
417.699
417.899
418.099
418.299
418.499
418.699
418.899
419.099
419.299
419.499
419.699
419.899
420.099
420.299
420.499
420.699
420.899
421.099
421.299
421.499
421.699
421.899
422.099
422.299
422.499
422.699
422.899
423.099
423.299
423.499
423.699
423.899
424.099
424.299
424.499
424.699
424.899
425.099
425.299
425.499
425.699
425.899
426.099
426.299
426.499
426.699
426.899
427.099
427.299
427.499
427.699
427.899
428.099
428.299
428.499
428.699
428.899
429.099
429.299
429.499
429.699
429.899
430.099
430.299
430.499
430.699
430.899
431.099
431.299
431.499
431.699
431.899
432.099
432.299
432.499
432.699
432.899
433.099
433.299
433.499
433.699
433.899
434.099
434.299
434.499
434.699
434.899
435.099
435.299
435.499
435.699
435.899
436.099
436.299
436.499
436.699
436.899
437.099
437.299
437.499
437.699
437.899
438.099
438.299
438.499
438.699
438.899
439.099
439.299
439.499
439.699
439.899
440.099
440.299
440.499
440.699
440.899
441.099
441.299
441.499
441.699
441.899
442.099
442.299
442.499
442.699
442.899
443.099
443.299
443.499
443.699
443.899
444.099
444.299
444.499
444.699
444.899
445.099
445.299
445.499
445.699
445.899
446.099
446.299
446.499
446.699
446.899
447.099
447.299
447.499
447.699
447.899
448.099
448.299
448.499
448.699
448.899
449.099
449.299
449.499
449.699
449.899
450.099
450.299
450.499
450.699
450.899
451.099
451.299
451.499
451.699
451.899
452.099
452.299
452.499
452.699
452.899
453.099
453.299
453.499
453.699
453.899
454.099
454.299
454.499
454.699
454.899
455.099
455.299
455.499
455.699
455.899
456.099
456.299
456.499
456.699
456.899
457.099
457.299
457.499
457.699
457.899
458.099
458.299
458.499
458.699
458.899
459.099
459.299
459.499
459.699
459.899
460.099
460.299
460.499
460.699
460.899
461.099
461.299
461.499
461.699
461.899
462.099
462.299
462.499
462.699
462.899
463.099
463.299
463.499
463.699
463.899
464.099
464.299
464.499
464.699
464.899
465.099
465.299
465.499
465.699
465.899
466.099
466.299
466.499
466.699
466.899
467.099
467.299
467.499
467.699
467.899
468.099
468.299
468.499
468.699
468.899
469.099
469.299
469.499
469.699
469.899
470.099
470.299
470.499
470.699
470.899
471.099
471.299
471.499
471.699
471.899
472.099
472.299
472.499
472.699
472.899
473.099
473.299
473.499
473.699
473.899
474.099
474.299
474.499
474.699
474.899
475.099
475.299
475.499
475.699
475.899
476.099
476.299
476.499
476.699
476.899
477.099
477.299
477.499
477.699
477.899
478.099
478.299
478.499
478.699
478.899
479.099
479.299
479.499
479.699
479.899
480.099
480.299
480.499
480.699
480.899
481.099
481.299
481.499
481.699
481.899
482.099
482.299
482.499
482.699
482.899
483.099
483.299
483.499
483.699
483.899
484.099
484.299
484.499
484.699
484.899
485.099
485.299
485.499
485.699
485.899
486.099
486.299
486.499
486.699
486.899
487.099
487.299
487.499
487.699
487.899
488.099
488.299
488.499
488.699
488.899
489.099
489.299
489.499
489.699
489.899
490.099
490.299
490.499
490.699
490.899
491.099
491.299
491.499
491.699
491.899
492.099
492.299
492.499
492.699
492.899
493.099
493.299
493.499
493.699
493.899
494.099
494.299
494.499
494.699
494.899
495.099
495.299
495.499
495.699
495.899
496.099
496.299
496.499
496.699
496.899
497.099
497.299
497.499
497.699
497.899
498.099
498.299
498.499
498.699
498.899
499.099
499.299
499.499
499.699
499.899
500.099
500.299
500.499
500.699
500.899
501.099
501.299
501.499
501.699
501.899
502.099
502.299
502.499
502.699
502.899
503.099
503.299
503.499
503.699
503.899
504.099
504.299
504.499
504.699
504.899
505.099
505.299
505.499
505.699
505.899
506.099
506.299
506.499
506.699
506.899
507.099
507.299
507.499
507.699
507.899
508.099
508.299
508.499
508.699
508.899
509.099
509.299
509.499
509.699
509.899
510.099
510.299
510.499
510.699
510.899
511.099
511.299
511.499
511.699
511.899
512.099
512.299
512.499
512.699
512.899
513.099
513.299
513.499
513.699
513.899
514.099
514.299
514.499
514.699
514.899
515.099
515.299
515.499
515.699
515.899
516.099
516.299
516.499
516.699
516.899
517.099
517.299
517.499
517.699
517.899
518.099
518.299
518.499
518.699
518.899
519.099
519.299
519.499
519.699
519.899
520.099
520.299
520.499
520.699
520.899
521.099
521.299
521.499
521.699
521.899
522.099
522.299
522.499
522.699
522.899
523.099
523.299
523.499
523.699
523.899
524.099
524.299
524.499
524.699
524.899
525.099
525.299
525.499
525.699
525.899
526.099
526.299
526.499
526.699
526.899
527.099
527.299
527.499
527.699
527.899
528.099
528.299
528.499
528.699
528.899
529.099
529.299
529.499
529.699
529.899
530.099
530.299
530.499
530.699
530.899
531.099
531.299
531.499
531.699
531.899
532.099
532.299
532.499
532.699
532.899
533.099
533.299
533.499
533.699
533.899
534.099
534.299
534.499
534.699
534.899
535.099
535.299
535.499
535.699
535.899
536.099
536.299
536.499
536.699
536.899
537.099
537.299
537.499
537.699
537.899
538.099
538.299
538.499
538.699
538.899
539.099
539.299
539.499
539.699
539.899
540.099
540.299
540.499
540.699
540.899
541.099
541.299
541.499
541.699
541.899
542.099
542.299
542.499
542.699
542.899
543.099
543.299
543.499
543.699
543.899
544.099
544.299
544.499
544.699
544.899
545.099
545.299
545.499
545.699
545.899
546.099
546.299
546.499
546.699
546.899
547.099
547.299
547.499
547.699
547.899
548.099
548.299
548.499
548.699
548.899
549.099
549.299
549.499
549.699
549.899
550.099
550.299
550.499
550.699
550.899
551.099
551.299
551.499
551.699
551.899
552.099
552.299
552.499
552.699
552.899
553.099
553.299
553.499
553.699
553.899
554.099
554.299
554.499
554.699
554.899
555.099
555.299
555.499
555.699
555.899
556.099
556.299
556.499
556.699
556.899
557.099
557.299
557.499
557.699
557.899
558.099
558.299
558.499
558.699
558.899
559.099
559.299
559.499
559.699
559.899
560.099
560.299
560.499
560.699
560.899
561.099
561.299
561.499
561.699
561.899
562.099
562.299
562.499
562.699
562.899
563.099
563.299
563.499
563.699
563.899
564.099
564.299
564.499
564.699
564.899
565.099
565.299
565.499
565.699
565.899
566.099
566.299
566.499
566.699
566.899
567.099
567.299
567.499
567.699
567.899
568.099
568.299
568.499
568.699
568.899
569.099
569.299
569.499
569.699
569.899
570.099
570.299
570.499
570.699
570.899
571.099
571.299
571.499
571.699
571.899
572.099
572.299
572.499
572.699
572.899
573.099
573.299
573.499
573.699
573.899
574.099
574.299
574.499
574.699
574.899
575.099
575.299
575.499
575.699
575.899
576.099
576.299
576.499
576.699
576.899
577.099
577.299
577.499
577.699
577.899
578.099
578.299
578.499
578.699
578.899
579.099
579.299
579.499
579.699
579.899
580.099
580.299
580.499
580.699
580.899
581.099
581.299
581.499
581.699
581.899
582.099
582.299
582.499
582.699
582.899
583.099
583.299
583.499
583.699
583.899
584.099
584.299
584.499
584.699
584.899
585.099
585.299
585.499
585.699
585.899
586.099
586.299
586.499
586.699
586.899
587.099
587.299
587.499
587.699
587.899
588.099
588.299
588.499
588.699
588.899
589.099
589.299
589.499
589.699
589.899
590.099
590.299
590.499
590.699
590.899
591.099
591.299
591.499
591.699
591.899
592.099
592.299
592.499
592.699
592.899
593.099
593.299
593.499
593.699
593.899
594.099
594.299
594.499
594.699
594.899
595.099
595.299
595.499
595.699
595.899
596.099
596.299
596.499
596.699
596.899
597.099
597.299
597.499
597.699
597.899
598.099
598.299
598.499
598.699
598.899
599.099
599.299
599.499
599.699
599.899
600.099
600.299
600.499
600.699
600.899
601.099
601.299
601.499
601.699
601.899
602.099
602.299
602.499
602.699
602.899
603.099
603.299
603.499
603.699
603.899
604.099
604.299
604.499
604.699
604.899
605.099
605.299
605.499
605.699
605.899
606.099
606.299
606.499
606.699
606.899
607.099
607.299
607.499
607.699
607.899
608.099
608.299
608.499
608.699
608.899
609.099
609.299
609.499
609.699
609.899
610.099
610.299
610.499
610.699
610.899
611.099
611.299
611.499
611.699
611.899
612.099
612.299
612.499
612.699
612.899
613.099
613.299
613.499
613.699
613.899
614.099
614.299
614.499
614.699
614.899
615.099
615.299
615.499
615.699
615.899
616.099
616.299
616.499
616.699
616.899
617.099
617.299
617.499
617.699
617.899
618.099
618.299
618.499
618.699
618.899
619.099
619.299
619.499
619.699
619.899
620.099
620.299
620.499
620.699
620.899
621.099
621.299
621.499
621.699
621.899
622.099
622.299
622.499
622.699
622.899
623.099
623.299
623.499
623.699
623.899
624.099
624.299
624.499
624.699
624.899
625.099
625.299
625.499
625.699
625.899
626.099
626.299
626.499
626.699
626.899
627.099
627.299
627.499
627.699
627.899
628.099
628.299
628.499
628.699
628.899
629.099
629.299
629.499
629.699
629.899
630.099
630.299
630.499
630.699
630.899
631.099
631.299
631.499
631.699
631.899
632.099
632.299
632.499
632.699
632.899
633.099
633.299
633.499
633.699
633.899
634.099
634.299
634.499
634.699
634.899
635.099
635.299
635.499
635.699
635.899
636.099
636.299
636.499
636.699
636.899
637.099
637.299
637.499
637.699
637.899
638.099
638.299
638.499
638.699
638.899
639.099
639.299
639.499
639.699
639.899
640.099
640.299
640.499
640.699
640.899
641.099
641.299
641.499
641.699
641.899
642.099
642.299
642.499
642.699
642.899
643.099
643.299
643.499
643.699
643.899
644.099
644.299
644.499
644.699
644.899
645.099
645.299
645.499
645.699
645.899
646.099
646.299
646.499
646.699
646.899
647.099
647.299
647.499
647.699
647.899
648.099
648.299
648.499
648.699
648.899
649.099
649.299
649.499
649.699
649.899
650.099
650.299
650.499
650.699
650.899
651.099
651.299
651.499
651.699
651.899
652.099
652.299
652.499
652.699
652.899
653.099
653.299
653.499
653.699
653.899
654.099
654.299
654.499
654.699
654.899
655.099
655.299
655.499
655.699
655.899
656.099
656.299
656.499
656.699
656.899
657.099
657.299
657.499
657.699
657.899
658.099
658.299
658.499
658.699
658.899
659.099
659.299
659.499
659.699
659.899
660.099
660.299
660.499
660.699
660.899
661.099
661.299
661.499
661.699
661.899
662.099
662.299
662.499
662.699
662.899
663.099
663.299
663.499
663.699
663.899
664.099
664.299
664.499
664.699
664.899
665.099
665.299
665.499
665.699
665.899
666.099
666.299
666.499
666.699
666.899
667.099
667.299
667.499
667.699
667.899
668.099
668.299
668.499
668.699
668.899
669.099
669.299
669.499
669.699
669.899
670.099
670.299
670.499
670.699
670.899
671.099
671.299
671.499
671.699
671.899
672.099
672.299
672.499
672.699
672.899
673.099
673.299
673.499
673.699
673.899
674.099
674.299
674.499
674.699
674.899
675.099
675.299
675.499
675.699
675.899
676.099
676.299
676.499
676.699
676.899
677.099
677.299
677.499
677.699
677.899
678.099
678.299
678.499
678.699
678.899
679.099
679.299
679.499
679.699
679.899
680.099
680.299
680.499
680.699
680.899
681.099
681.299
681.499
681.699
681.899
682.099
682.299
682.499
682.699
682.899
683.099
683.299
683.499
683.699
683.899
684.099
684.299
684.499
684.699
684.899
685.099
685.299
685.499
685.699
685.899
686.099
686.299
686.499
686.699
686.899
687.099
687.299
687.499
687.699
687.899
688.099
688.299
688.499
688.699
688.899
689.099
689.299
689.499
689.699
689.899
690.099
690.299
690.499
690.699
690.899
691.099
691.299
691.499
691.699
691.899
692.099
692.299
692.499
692.699
692.899
693.099
693.299
693.499
693.699
693.899
694.099
694.299
694.499
694.699
694.899
695.099
695.299
695.499
695.699
695.899
696.099
696.299
696.499
696.699
696.899
697.099
697.299
697.499
697.699
697.899
698.099
698.299
698.499
698.699
698.899
699.099
699.299
699.499
699.699
699.899
700.099
700.299
700.499
700.699
700.899
701.099
701.299
701.499
701.699
701.899
702.099
702.299
702.499
702.699
702.899
703.099
703.299
703.499
703.699
703.899
704.099
704.299
704.499
704.699
704.899
705.099
705.299
705.499
705.699
705.899
706.099
706.299
706.499
706.699
706.899
707.099
707.299
707.499
707.699
707.899
708.099
708.299
708.499
708.699
708.899
709.099
709.299
709.499
709.699
709.899
710.099
710.299
710.499
710.699
710.899
711.099
711.299
711.499
711.699
711.899
712.099
712.299
712.499
712.699
712.899
713.099
713.299
713.499
713.699
713.899
714.099
714.299
714.499
714.699
714.899
715.099
715.299
715.499
715.699
715.899
716.099
716.299
716.499
716.699
716.899
717.099
717.299
717.499
717.699
717.899
718.099
718.299
718.499
718.699
718.899
719.099
719.299
719.499
719.699
719.899
720.099
720.299
720.499
720.699
720.899
721.099
721.299
721.499
721.699
721.899
722.099
722.299
722.499
722.699
722.899
723.099
723.299
723.499
723.699
723.899
724.099
724.299
724.499
724.699
724.899
725.099
725.299
725.499
725.699
725.899
726.099
726.299
726.499
726.699
726.899
727.099
727.299
727.499
727.699
727.899
728.099
728.299
728.499
728.699
728.899
729.099
729.299
729.499
729.699
729.899
730.099
730.299
730.499
730.699
730.899
731.099
731.299
731.499
731.699
731.899
732.099
732.299
732.499
732.699
732.899
733.099
733.299
733.499
733.699
733.899
734.099
734.299
734.499
734.699
734.899
735.099
735.299
735.499
735.699
735.899
736.099
736.299
736.499
736.699
736.899
737.099
737.299
737.499
737.699
737.899
738.099
738.299
738.499
738.699
738.899
739.099
739.299
739.499
739.699
739.899
740.099
740.299
740.499
740.699
740.899
741.099
741.299
741.499
741.699
741.899
742.099
742.299
742.499
742.699
742.899
743.099
743.299
743.499
743.699
743.899
744.099
744.299
744.499
744.699
744.899
745.099
745.299
745.499
745.699
745.899
746.099
746.299
746.499
746.699
746.899
747.099
747.299
747.499
747.699
747.899
748.099
748.299
748.499
748.699
748.899
749.099
749.299
749.499
749.699
749.899
750.099
750.299
750.499
750.699
750.899
751.099
751.299
751.499
751.699
751.899
752.099
752.299
752.499
752.699
752.899
753.099
753.299
753.499
753.699
753.899
754.099
754.299
754.499
754.699
754.899
755.099
755.299
755.499
755.699
755.899
756.099
756.299
756.499
756.699
756.899
757.099
757.299
757.499
757.699
757.899
758.099
758.299
758.499
758.699
758.899
759.099
759.299
759.499
759.699
759.899
760.099
760.299
760.499
760.699
760.899
761.099
761.299
761.499
761.699
761.899
762.099
762.299
762.499
762.699
762.899
763.099
763.299
763.499
763.699
763.899
764.099
764.299
764.499
764.699
764.899
765.099
765.299
765.499
765.699
765.899
766.099
766.299
766.499
766.699
766.899
767.099
767.299
767.499
767.699
767.899
768.099
768.299
768.499
768.699
768.899
769.099
769.299
769.499
769.699
769.899
770.099
770.299
770.499
770.699
770.899
771.099
771.299
771.499
771.699
771.899
772.099
772.299
772.499
772.699
772.899
773.099
773.299
773.499
773.699
773.899
774.099
774.299
774.499
774.699
774.899
775.099
775.299
775.499
775.699
775.899
776.099
776.299
776.499
776.699
776.899
777.099
777.299
777.499
777.699
777.899
778.099
778.299
778.499
778.699
778.899
779.099
779.299
779.499
779.699
779.899
780.099
780.299
780.499
780.699
780.899
781.099
781.299
781.499
781.699
781.899
782.099
782.299
782.499
782.699
782.899
783.099
783.299
783.499
783.699
783.899
784.099
784.299
784.499
784.699
784.899
785.099
785.299
785.499
785.699
785.899
786.099
786.299
786.499
786.699
786.899
787.099
787.299
787.499
787.699
787.899
788.099
788.299
788.499
788.699
788.899
789.099
789.299
789.499
789.699
789.899
790.099
790.299
790.499
790.699
790.899
791.099
791.299
791.499
791.699
791.899
792.099
792.299
792.499
792.699
792.899
793.099
793.299
793.499
793.699
793.899
794.099
794.299
794.499
794.699
794.899
795.099
795.299
795.499
795.699
795.899
796.099
796.299
796.499
796.699
796.899
797.099
797.299
797.499
797.699
797.899
798.099
798.299
798.499
798.699
798.899
799.099
799.299
799.499
799.699
799.899
800.099
800.299
800.499
800.699
800.899
801.099
801.299
801.499
801.699
801.899
802.099
802.299
802.499
802.699
802.899
803.099
803.299
803.499
803.699
803.899
804.099
804.299
804.499
804.699
804.899
805.099
805.299
805.499
805.699
805.899
806.099
806.299
806.499
806.699
806.899
807.099
807.299
807.499
807.699
807.899
808.099
808.299
808.499
808.699
808.899
809.099
809.299
809.499
809.699
809.899
810.099
810.299
810.499
810.699
810.899
811.099
811.299
811.499
811.699
811.899
812.099
812.299
812.499
812.699
812.899
813.099
813.299
813.499
813.699
813.899
814.099
814.299
814.499
814.699
814.899
815.099
815.299
815.499
815.699
815.899
816.099
816.299
816.499
816.699
816.899
817.099
817.299
817.499
817.699
817.899
818.099
818.299
818.499
818.699
818.899
819.099
819.299
819.499
819.699
819.899
820.099
820.299
820.499
820.699
820.899
821.099
821.299
821.499
821.699
821.899
822.099
822.299
822.499
822.699
822.899
823.099
823.299
823.499
823.699
823.899
824.099
824.299
824.499
824.699
824.899
825.099
825.299
825.499
825.699
825.899
826.099
826.299
826.499
826.699
826.899
827.099
827.299
827.499
827.699
827.899
828.099
828.299
828.499
828.699
828.899
829.099
829.299
829.499
829.699
829.899
830.099
830.299
830.499
830.699
830.899
831.099
831.299
831.499
831.699
831.899
832.099
832.299
832.499
832.699
832.899
833.099
833.299
833.499
833.699
833.899
834.099
834.299
834.499
834.699
834.899
835.099
835.299
835.499
835.699
835.899
836.099
836.299
836.499
836.699
836.899
837.099
837.299
837.499
837.699
837.899
838.099
838.299
838.499
838.699
838.899
839.099
839.299
839.499
839.699
839.899
840.099
840.299
840.499
840.699
840.899
841.099
841.299
841.499
841.699
841.899
842.099
842.299
842.499
842.699
842.899
843.099
843.299
843.499
843.699
843.899
844.099
844.299
844.499
844.699
844.899
845.099
845.299
845.499
845.699
845.899
846.099
846.299
846.499
846.699
846.899
847.099
847.299
847.499
847.699
847.899
848.099
848.299
848.499
848.699
848.899
849.099
849.299
849.499
849.699
849.899
850.099
850.299
850.499
850.699
850.899
851.099
851.299
851.499
851.699
851.899
852.099
852.299
852.499
852.699
852.899
853.099
853.299
853.499
853.699
853.899
854.099
854.299
854.499
854.699
854.899
855.099
855.299
855.499
855.699
855.899
856.099
856.299
856.499
856.699
856.899
857.099
857.299
857.499
857.699
857.899
858.099
858.299
858.499
858.699
858.899
859.099
859.299
859.499
859.699
859.899
860.099
860.299
860.499
860.699
860.899
861.099
861.299
861.499
861.699
861.899
862.099
862.299
862.499
862.699
862.899
863.099
863.299
863.499
863.699
863.899
864.099
864.299
864.499
864.699
864.899
865.099
865.299
865.499
865.699
865.899
866.099
866.299
866.499
866.699
866.899
867.099
867.299
867.499
867.699
867.899
868.099
868.299
868.499
868.699
868.899
869.099
869.299
869.499
869.699
869.899
870.099
870.299
870.499
870.699
870.899
871.099
871.299
871.499
871.699
871.899
872.099
872.299
872.499
872.699
872.899
873.099
873.299
873.499
873.699
873.899
874.099
874.299
874.499
874.699
874.899
875.099
875.299
875.499
875.699
875.899
876.099
876.299
876.499
876.699
876.899
877.099
877.299
877.499
877.699
877.899
878.099
878.299
878.499
878.699
878.899
879.099
879.299
879.499
879.699
879.899
880.099
880.299
880.499
880.699
880.899
881.099
881.299
881.499
881.699
881.899
882.099
882.299
882.499
882.699
882.899
883.099
883.299
883.499
883.699
883.899
884.099
884.299
884.499
884.699
884.899
885.099
885.299
885.499
885.699
885.899
886.099
886.299
886.499
886.699
886.899
887.099
887.299
887.499
887.699
887.899
888.099
888.299
888.499
888.699
888.899
889.099
889.299
889.499
889.699
889.899
890.099
890.299
890.499
890.699
890.899
891.099
891.299
891.499
891.699
891.899
892.099
892.299
892.499
892.699
892.899
893.099
893.299
893.499
893.699
893.899
894.099
894.299
894.499
894.699
894.899
895.099
895.299
895.499
895.699
895.899
896.099
896.299
896.499
896.699
896.899
897.099
897.299
897.499
897.699
897.899
898.099
898.299
898.499
898.699
898.899
899.099
899.299
899.499
899.699
899.899
900.099
900.299
900.499
900.699
900.899
901.099
901.299
901.499
901.699
901.899
902.099
902.299
902.499
902.699
902.899
903.099
903.299
903.499
903.699
903.899
904.099
904.299
904.499
904.699
904.899
905.099
905.299
905.499
905.699
905.899
906.099
906.299
906.499
906.699
906.899
907.099
907.299
907.499
907.699
907.899
908.099
908.299
908.499
908.699
908.899
909.099
909.299
909.499
909.699
909.899
910.099
910.299
910.499
910.699
910.899
911.099
911.299
911.499
911.699
911.899
912.099
912.299
912.499
912.699
912.899
913.099
913.299
913.499
913.699
913.899
914.099
914.299
914.499
914.699
914.899
915.099
915.299
915.499
915.699
915.899
916.099
916.299
916.499
916.699
916.899
917.099
917.299
917.499
917.699
917.899
918.099
918.299
918.499
918.699
918.899
919.099
919.299
919.499
919.699
919.899
920.099
920.299
920.499
920.699
920.899
921.099
921.299
921.499
921.699
921.899
922.099
922.299
922.499
922.699
922.899
923.099
923.299
923.499
923.699
923.899
924.099
924.299
924.499
924.699
924.899
925.099
925.299
925.499
925.699
925.899
926.099
926.299
926.499
926.699
926.899
927.099
927.299
927.499
927.699
927.899
928.099
928.299
928.499
928.699
928.899
929.099
929.299
929.499
929.699
929.899
930.099
930.299
930.499
930.699
930.899
931.099
931.299
931.499
931.699
931.899
932.099
932.299
932.499
932.699
932.899
933.099
933.299
933.499
933.699
933.899
934.099
934.299
934.499
934.699
934.899
935.099
935.299
935.499
935.699
935.899
936.099
936.299
936.499
936.699
936.899
937.099
937.299
937.499
937.699
937.899
938.099
938.299
938.499
938.699
938.899
939.099
939.299
939.499
939.699
939.899
940.099
940.299
940.499
940.699
940.899
941.099
941.299
941.499
941.699
941.899
942.099
942.299
942.499
942.699
942.899
943.099
943.299
943.499
943.699
943.899
944.099
944.299
944.499
944.699
944.899
945.099
945.299
945.499
945.699
945.899
946.099
946.299
946.499
946.699
946.899
947.099
947.299
947.499
947.699
947.899
948.099
948.299
948.499
948.699
948.899
949.099
949.299
949.499
949.699
949.899
950.099
950.299
950.499
950.699
950.899
951.099
951.299
951.499
951.699
951.899
952.099
952.299
952.499
952.699
952.899
953.099
953.299
953.499
953.699
953.899
954.099
954.299
954.499
954.699
954.899
955.099
955.299
955.499
955.699
955.899
956.099
956.299
956.499
956.699
956.899
957.099
957.299
957.499
957.699
957.899
958.099
958.299
958.499
958.699
958.899
959.099
959.299
959.499
959.699
959.899
960.099
960.299
960.499
960.699
960.899
961.099
961.299
961.499
961.699
961.899
962.099
962.299
962.499
962.699
962.899
963.099
963.299
963.499
963.699
963.899
964.099
964.299
964.499
964.699
964.899
965.099
965.299
965.499
965.699
965.899
966.099
966.299
966.499
966.699
966.899
967.099
967.299
967.499
967.699
967.899
968.099
968.299
968.499
968.699
968.899
969.099
969.299
969.499
969.699
969.899
970.099
970.299
970.499
970.699
970.899
971.099
971.299
971.499
971.699
971.899
972.099
972.299
972.499
972.699
972.899
973.099
973.299
973.499
973.699
973.899
974.099
974.299
974.499
974.699
974.899
975.099
975.299
975.499
975.699
975.899
976.099
976.299
976.499
976.699
976.899
977.099
977.299
977.499
977.699
977.899
978.099
978.299
978.499
978.699
978.899
979.099
979.299
979.499
979.699
979.899
980.099
980.299
980.499
980.699
980.899
981.099
981.299
981.499
981.699
981.899
982.099
982.299
982.499
982.699
982.899
983.099
983.299
983.499
983.699
983.899
984.099
984.299
984.499
984.699
984.899
985.099
985.299
985.499
985.699
985.899
986.099
986.299
986.499
986.699
986.899
987.099
987.299
987.499
987.699
987.899
988.099
988.299
988.499
988.699
988.899
989.099
989.299
989.499
989.699
989.899
990.099
990.299
990.499
990.699
990.899
991.099
991.299
991.499
991.699
991.899
992.099
992.299
992.499
992.699
992.899
993.099
993.299
993.499
993.699
993.899
994.099
994.299
994.499
994.699
994.899
995.099
995.299
995.499
995.699
995.899
996.099
996.299
996.499
996.699
996.899
997.099
997.299
997.499
997.699
997.899
998.099
998.299
998.499
998.699
998.899
999.099
999.299
999.499
999.699
999.899
1000.099
1000.299
1000.499
1000.699
1000.899
1001.099
1001.299
1001.499
1001.699
1001.899
1002.099
1002.299
1002.499
1002.699
1002.899
1003.099
1003.299
1003.499
1003.699
1003.899
1004.099
1004.299
1004.499
1004.699
1004.899
1005.099
1005.299
1005.499
1005.699
1005.899
1006.099
1006.299
1006.499
1006.699
1006.899
1007.099
1007.299
1007.499
1007.699
1007.899
1008.099
1008.299
1008.499
1008.699
1008.899
1009.099
1009.299
1009.499
1009.699
1009.899
1010.099
1010.299
1010.499
1010.699
1010.899
1011.099
1011.299
1011.499
1011.699
1011.899
1012.099
1012.299
1012.499
1012.699
1012.899
1013.099
1013.299
1013.499
1013.699
1013.899
1014.099
1014.299
1014.499
1014.699
1014.899
1015.099
1015.299
1015.499
1015.699
1015.899
1016.099
1016.299
1016.499
1016.699
1016.899
1017.099
1017.299
1017.499
1017.699
1017.899
1018.099
1018.299
1018.499
1018.699
1018.899
1019.099
1019.299
1019.499
1019.699
1019.899
1020.099
1020.299
1020.499
1020.699
1020.899
1021.099
1021.299
1021.499
1021.699
1021.899
1022.099
1022.299
1022.499
1022.699
1022.899
1023.099
1023.299
1023.499
1023.699
1023.899
1024.099
1024.299
1024.499
1024.699
1024.899
1025.099
1025.299
1025.499
1025.699
1025.899
1026.099
1026.299
1026.499
1026.699
1026.899
1027.099
1027.299
1027.499
1027.699
1027.899
1028.099
1028.299
1028.499
1028.699
1028.899
1029.099
1029.299
1029.499
1029.699
1029.899
1030.099
1030.299
1030.499
1030.699
1030.899
1031.099
1031.299
1031.499
1031.699
1031.899
1032.099
1032.299
1032.499
1032.699
1032.899
1033.099
1033.299
1033.499
1033.699
1033.899
1034.099
1034.299
1034.499
1034.699
1034.899
1035.099
1035.299
1035.499
1035.699
1035.899
1036.099
1036.299
1036.499
1036.699
1036.899
1037.099
1037.299
1037.499
1037.699
1037.899
1038.099
1038.299
1038.499
1038.699
1038.899
1039.099
1039.299
1039.499
1039.699
1039.899
1040.099
1040.299
1040.499
1040.699
1040.899
1041.099
1041.299
1041.499
1041.699
1041.899
1042.099
1042.299
1042.499
1042.699
1042.899
1043.099
1043.299
1043.499
1043.699
1043.899
1044.099
1044.299
1044.499
1044.699
1044.899
1045.099
1045.299
1045.499
1045.699
1045.899
1046.099
1046.299
1046.499
1046.699
1046.899
1047.099
1047.299
1047.499
1047.699
1047.899
1048.099
1048.299
1048.499
1048.699
1048.899
1049.099
1049.299
1049.499
1049.699
1049.899
1050.099
1050.299
1050.499
1050.699
1050.899
1051.099
1051.299
1051.499
1051.699
1051.899
1052.099
1052.299
1052.499
1052.699
1052.899
1053.099
1053.299
1053.499
1053.699
1053.899
1054.099
1054.299
1054.499
1054.699
1054.899
1055.099
1055.299
1055.499
1055.699
1055.899
1056.099
1056.299
1056.499
1056.699
1056.899
1057.099
1057.299
1057.499
1057.699
1057.899
1058.099
1058.299
1058.499
1058.699
1058.899
1059.099
1059.299
1059.499
1059.699
1059.899
1060.099
1060.299
1060.499
1060.699
1060.899
1061.099
1061.299
1061.499
1061.699
1061.899
1062.099
1062.299
1062.499
1062.699
1062.899
1063.099
1063.299
1063.499
1063.699
1063.899
1064.099
1064.299
1064.499
1064.699
1064.899
1065.099
1065.299
1065.499
1065.699
1065.899
1066.099
1066.299
1066.499
1066.699
1066.899
1067.099
1067.299
1067.499
1067.699
1067.899
1068.099
1068.299
1068.499
1068.699
1068.899
1069.099
1069.299
1069.499
1069.699
1069.899
1070.099
1070.299
1070.499
1070.699
1070.899
1071.099
1071.299
1071.499
1071.699
1071.899
1072.099
1072.299
1072.499
1072.699
1072.899
1073.099
1073.299
1073.499
1073.699
1073.899
1074.099
1074.299
1074.499
1074.699
1074.899
1075.099
1075.299
1075.499
1075.699
1075.899
1076.099
1076.299
1076.499
1076.699
1076.899
1077.099
1077.299
1077.499
1077.699
1077.899
1078.099
1078.299
1078.499
1078.699
1078.899
1079.099
1079.299
1079.499
1079.699
1079.899
1080.099
1080.299
1080.499
1080.699
1080.899
1081.099
1081.299
1081.499
1081.699
1081.899
1082.099
1082.299
1082.499
1082.699
1082.899
1083.099
1083.299
1083.499
1083.699
1083.899
1084.099
1084.299
1084.499
1084.699
1084.899
1085.099
1085.299
1085.499
1085.699
1085.899
1086.099
1086.299
1086.499
1086.699
1086.899
1087.099
1087.299
1087.499
1087.699
1087.899
1088.099
1088.299
1088.499
1088.699
1088.899
1089.099
1089.299
1089.499
1089.699
1089.899
1090.099
1090.299
1090.499
1090.699
1090.899
1091.099
1091.299
1091.499
1091.699
1091.899
1092.099
1092.299
1092.499
1092.699
1092.899
1093.099
1093.299
1093.499
1093.699
1093.899
1094.099
1094.299
1094.499
1094.699
1094.899
1095.099
1095.299
1095.499
1095.699
1095.899
1096.099
1096.299
1096.499
1096.699
1096.899
1097.099
1097.299
1097.499
1097.699
1097.899
1098.099
1098.299
1098.499
1098.699
1098.899
1099.099
1099.299
1099.499
1099.699
1099.899
1100.099
1100.299
1100.499
1100.699
1100.899
1101.099
1101.299
1101.499
1101.699
1101.899
1102.099
1102.299
1102.499
1102.699
1102.899
1103.099
1103.299
1103.499
1103.699
1103.899
1104.099
1104.299
1104.499
1104.699
1104.899
1105.099
1105.299
1105.499
1105.699
1105.899
1106.099
1106.299
1106.499
1106.699
1106.899
1107.099
1107.299
1107.499
1107.699
1107.899
1108.099
1108.299
1108.499
1108.699
1108.899
1109.099
1109.299
1109.499
1109.699
1109.899
1110.099
1110.299
1110.499
1110.699
1110.899
1111.099
1111.299
1111.499
1111.699
1111.899
1112.099
1112.299
1112.499
1112.699
1112.899
1113.099
1113.299
1113.499
1113.699
1113.899
1114.099
1114.299
1114.499
1114.699
1114.899
1115.099
1115.299
1115.499
1115.699
1115.899
1116.099
1116.299
1116.499
1116.699
1116.899
1117.099
1117.299
1117.499
1117.699
1117.899
1118.099
1118.299
1118.499
1118.699
1118.899
1119.099
1119.299
1119.499
1119.699
1119.899
1120.099
1120.299
1120.499
1120.699
1120.899
1121.099
1121.299
1121.499
1121.699
1121.899
1122.099
1122.299
1122.499
1122.699
1122.899
1123.099
1123.299
1123.499
1123.699
1123.899
1124.099
1124.299
1124.499
1124.699
1124.899
1125.099
1125.299
1125.499
1125.699
1125.899
1126.099
1126.299
1126.499
1126.699
1126.899
1127.099
1127.299
1127.499
1127.699
1127.899
1128.099
1128.299
1128.499
1128.699
1128.899
1129.099
1129.299
1129.499
1129.699
1129.899
1130.099
1130.299
1130.499
1130.699
1130.899
1131.099
1131.299
1131.499
1131.699
1131.899
1132.099
1132.299
1132.499
1132.699
1132.899
1133.099
1133.299
1133.499
1133.699
1133.899
1134.099
1134.299
1134.499
1134.699
1134.899
1135.099
1135.299
1135.499
1135.699
1135.899
1136.099
1136.299
1136.499
1136.699
1136.899
1137.099
1137.299
1137.499
1137.699
1137.899
1138.099
1138.299
1138.499
1138.699
1138.899
1139.099
1139.299
1139.499
1139.699
1139.899
1140.099
1140.299
1140.499
1140.699
1140.899
1141.099
1141.299
1141.499
1141.699
1141.899
1142.099
1142.299
1142.499
1142.699
1142.899
1143.099
1143.299
1143.499
1143.699
1143.899
1144.099
1144.299
1144.499
1144.699
1144.899
1145.099
1145.299
1145.499
1145.699
1145.899
1146.099
1146.299
1146.499
1146.699
1146.899
1147.099
1147.299
1147.499
1147.699
1147.899
1148.099
1148.299
1148.499
1148.699
1148.899
1149.099
1149.299
1149.499
1149.699
1149.899
1150.099
1150.299
1150.499
1150.699
1150.899
1151.099
1151.299
1151.499
1151.699
1151.899
1152.099
1152.299
1152.499
1152.699
1152.899
1153.099
1153.299
1153.499
1153.699
1153.899
1154.099
1154.299
1154.499
1154.699
1154.899
1155.099
1155.299
1155.499
1155.699
1155.899
1156.099
1156.299
1156.499
1156.699
1156.899
1157.099
1157.299
1157.499
1157.699
1157.899
1158.099
1158.299
1158.499
1158.699
1158.899
1159.099
1159.299
1159.499
1159.699
1159.899
1160.099
1160.299
1160.499
1160.699
1160.899
1161.099
1161.299
1161.499
1161.699
1161.899
1162.099
1162.299
1162.499
1162.699
1162.899
1163.099
1163.299
1163.499
1163.699
1163.899
1164.099
1164.299
1164.499
1164.699
1164.899
1165.099
1165.299
1165.499
1165.699
1165.899
1166.099
1166.299
1166.499
1166.699
1166.899
1167.099
1167.299
1167.499
1167.699
1167.899
1168.099
1168.299
1168.499
1168.699
1168.899
1169.099
1169.299
1169.499
1169.699
1169.899
1170.099
1170.299
1170.499
1170.699
1170.899
1171.099
1171.299
1171.499
1171.699
1171.899
1172.099
1172.299
1172.499
1172.699
1172.899
1173.099
1173.299
1173.499
1173.699
1173.899
1174.099
1174.299
1174.499
1174.699
1174.899
1175.099
1175.299
1175.499
1175.699
1175.899
1176.099
1176.299
1176.499
1176.699
1176.899
1177.099
1177.299
1177.499
1177.699
1177.899
1178.099
1178.299
1178.499
1178.699
1178.899
1179.099
1179.299
1179.499
1179.699
1179.899
1180.099
1180.299
1180.499
1180.699
1180.899
1181.099
1181.299
1181.499
1181.699
1181.899
1182.099
1182.299
1182.499
1182.699
1182.899
1183.099
1183.299
1183.499
1183.699
1183.899
1184.099
1184.299
1184.499
1184.699
1184.899
1185.099
1185.299
1185.499
1185.699
1185.899
1186.099
1186.299
1186.499
1186.699
1186.899
1187.099
1187.299
1187.499
1187.699
1187.899
1188.099
1188.299
1188.499
1188.699
1188.899
1189.099
1189.299
1189.499
1189.699
1189.899
1190.099
1190.299
1190.499
1190.699
1190.899
1191.099
1191.299
1191.499
1191.699
1191.899
1192.099
1192.299
1192.499
1192.699
1192.899
1193.099
1193.299
1193.499
1193.699
1193.899
1194.099
1194.299
1194.499
1194.699
1194.899
1195.099
1195.299
1195.499
1195.699
1195.899
1196.099
1196.299
1196.499
1196.699
1196.899
1197.099
1197.299
1197.499
1197.699
1197.899
1198.099
1198.299
1198.499
1198.699
1198.899
1199.099
1199.299
1199.499
1199.699
1199.899
1200.099
1200.299
1200.499
1200.699
1200.899
1201.099
1201.299
1201.499
1201.699
1201.899
1202.099
1202.299
1202.499
1202.699
1202.899
1203.099
1203.299
1203.499
1203.699
1203.899
1204.099
1204.299
1204.499
1204.699
1204.899
1205.099
1205.299
1205.499
1205.699
1205.899
1206.099
1206.299
1206.499
1206.699
1206.899
1207.099
1207.299
1207.499
1207.699
1207.899
1208.099
1208.299
1208.499
1208.699
1208.899
1209.099
1209.299
1209.499
1209.699
1209.899
1210.099
1210.299
1210.499
1210.699
1210.899
1211.099
1211.299
1211.499
1211.699
1211.899
1212.099
1212.299
1212.499
1212.699
1212.899
1213.099
1213.299
1213.499
1213.699
1213.899
1214.099
1214.299
1214.499
1214.699
1214.899
1215.099
1215.299
1215.499
1215.699
1215.899
1216.099
1216.299
1216.499
1216.699
1216.899
1217.099
1217.299
1217.499
1217.699
1217.899
1218.099
1218.299
1218.499
1218.699
1218.899
1219.099
1219.299
1219.499
1219.699
1219.899
1220.099
1220.299
1220.499
1220.699
1220.899
1221.099
1221.299
1221.499
1221.699
1221.899
1222.099
1222.299
1222.499
1222.699
1222.899
1223.099
1223.299
1223.499
1223.699
1223.899
1224.099
1224.299
1224.499
1224.699
1224.899
1225.099
1225.299
1225.499
1225.699
1225.899
1226.099
1226.299
1226.499
1226.699
1226.899
1227.099
1227.299
1227.499
1227.699
1227.899
1228.099
1228.299
1228.499
1228.699
1228.899
1229.099
1229.299
1229.499
1229.699
1229.899
1230.099
1230.299
1230.499
1230.699
1230.899
1231.099
1231.299
1231.499
1231.699
1231.899
1232.099
1232.299
1232.499
1232.699
1232.899
1233.099
1233.299
1233.499
1233.699
1233.899
1234.099
1234.299
1234.499
1234.699
1234.899
1235.099
1235.299
1235.499
1235.699
1235.899
1236.099
1236.299
1236.499
1236.699
1236.899
1237.099
1237.299
1237.499
1237.699
1237.899
1238.099
1238.299
1238.499
1238.699
1238.899
1239.099
1239.299
1239.499
1239.699
1239.899
1240.099
1240.299
1240.499
1240.699
1240.899
1241.099
1241.299
1241.499
1241.699
1241.899
1242.099
1242.299
1242.499
1242.699
1242.899
1243.099
1243.299
1243.499
1243.699
1243.899
1244.099
1244.299
1244.499
1244.699
1244.899
1245.099
1245.299
1245.499
1245.699
1245.899
1246.099
1246.299
1246.499
1246.699
1246.899
1247.099
1247.299
1247.499
1247.699
1247.899
1248.099
1248.299
1248.499
1248.699
1248.899
1249.099
1249.299
1249.499
1249.699
1249.899
1250.099
1250.299
1250.499
1250.699
1250.899
1251.099
1251.299
1251.499
1251.699
1251.899
1252.099
1252.299
1252.499
1252.699
1252.899
1253.099
1253.299
1253.499
1253.699
1253.899
1254.099
1254.299
1254.499
1254.699
1254.899
1255.099
1255.299
1255.499
1255.699
1255.899
1256.099
1256.299
1256.499
1256.699
1256.899
1257.099
1257.299
1257.499
1257.699
1257.899
1258.099
1258.299
1258.499
1258.699
1258.899
1259.099
1259.299
1259.499
1259.699
1259.899
1260.099
1260.299
1260.499
1260.699
1260.899
1261.099
1261.299
1261.499
1261.699
1261.899
1262.099
1262.299
1262.499
1262.699
1262.899
1263.099
1263.299
1263.499
1263.699
1263.899
1264.099
1264.299
1264.499
1264.699
1264.899
1265.099
1265.299
1265.499
1265.699
1265.899
1266.099
1266.299
1266.499
1266.699
1266.899
1267.099
1267.299
1267.499
1267.699
1267.899
1268.099
1268.299
1268.499
1268.699
1268.899
1269.099
1269.299
1269.499
1269.699
1269.899
1270.099
1270.299
1270.499
1270.699
1270.899
1271.099
1271.299
1271.499
1271.699
1271.899
1272.099
1272.299
1272.499
1272.699
1272.899
1273.099
1273.299
1273.499
1273.699
1273.899
1274.099
1274.299
1274.499
1274.699
1274.899
1275.099
1275.299
1275.499
1275.699
1275.899
1276.099
1276.299
1276.499
1276.699
1276.899
1277.099
1277.299
1277.499
1277.699
1277.899
1278.099
1278.299
1278.499
1278.699
1278.899
1279.099
1279.299
1279.499
1279.699
1279.899
1280.099
1280.299
1280.499
1280.699
1280.899
1281.099
1281.299
1281.499
1281.699
1281.899
1282.099
1282.299
1282.499
1282.699
1282.899
1283.099
1283.299
1283.499
1283.699
1283.899
1284.099
1284.299
1284.499
1284.699
1284.899
1285.099
1285.299
1285.499
1285.699
1285.899
1286.099
1286.299
1286.499
1286.699
1286.899
1287.099
1287.299
1287.499
1287.699
1287.899
1288.099
1288.299
1288.499
1288.699
1288.899
1289.099
1289.299
1289.499
1289.699
1289.899
1290.099
1290.299
1290.499
1290.699
1290.899
1291.099
1291.299
1291.499
1291.699
1291.899
1292.099
1292.299
1292.499
1292.699
1292.899
1293.099
1293.299
1293.499
1293.699
1293.899
1294.099
1294.299
1294.499
1294.699
1294.899
1295.099
1295.299
1295.499
1295.699
1295.899
1296.099
1296.299
1296.499
1296.699
1296.899
1297.099
1297.299
1297.499
1297.699
1297.899
1298.099
1298.299
1298.499
1298.699
1298.899
1299.099
1299.299
1299.499
1299.699
1299.899
1300.099
1300.299
1300.499
1300.699
1300.899
1301.099
1301.299
1301.499
1301.699
1301.899
1302.099
1302.299
1302.499
1302.699
1302.899
1303.099
1303.299
1303.499
1303.699
1303.899
1304.099
1304.299
1304.499
1304.699
1304.899
1305.099
1305.299
1305.499
1305.699
1305.899
1306.099
1306.299
1306.499
1306.699
1306.899
1307.099
1307.299
1307.499
1307.699
1307.899
1308.099
1308.299
1308.499
1308.699
1308.899
1309.099
1309.299
1309.499
1309.699
1309.899
1310.099
1310.299
1310.499
1310.699
1310.899
1311.099
1311.299
1311.499
1311.699
1311.899
1312.099
1312.299
1312.499
1312.699
1312.899
1313.099
1313.299
1313.499
1313.699
1313.899
1314.099
1314.299
1314.499
1314.699
1314.899
1315.099
1315.299
1315.499
1315.699
1315.899
1316.099
1316.299
1316.499
1316.699
1316.899
1317.099
1317.299
1317.499
1317.699
1317.899
1318.099
1318.299
1318.499
1318.699
1318.899
1319.099
1319.299
1319.499
1319.699
1319.899
1320.099
1320.299
1320.499
1320.699
1320.899
1321.099
1321.299
1321.499
1321.699
1321.899
1322.099
1322.299
1322.499
1322.699
1322.899
1323.099
1323.299
1323.499
1323.699
1323.899
1324.099
1324.299
1324.499
1324.699
1324.899
1325.099
1325.299
1325.499
1325.699
1325.899
1326.099
1326.299
1326.499
1326.699
1326.899
1327.099
1327.299
1327.499
1327.699
1327.899
1328.099
1328.299
1328.499
1328.699
1328.899
1329.099
1329.299
1329.499
1329.699
1329.899
1330.099
1330.299
1330.499
1330.699
1330.899
1331.099
1331.299
1331.499
1331.699
1331.899
1332.099
1332.299
1332.499
1332.699
1332.899
1333.099
1333.299
1333.499
1333.699
1333.899
1334.099
1334.299
1334.499
1334.699
1334.899
1335.099
1335.299
1335.499
1335.699
1335.899
1336.099
1336.299
1336.499
1336.699
1336.899
1337.099
1337.299
1337.499
1337.699
1337.899
1338.099
1338.299
1338.499
1338.699
1338.899
1339.099
1339.299
1339.499
1339.699
1339.899
1340.099
1340.299
1340.499
1340.699
1340.899
1341.099
1341.299
1341.499
1341.699
1341.899
1342.099
1342.299
1342.499
1342.699
1342.899
1343.099
1343.299
1343.499
1343.699
1343.899
1344.099
1344.299
1344.499
1344.699
1344.899
1345.099
1345.299
1345.499
1345.699
1345.899
1346.099
1346.299
1346.499
1346.699
1346.899
1347.099
1347.299
1347.499
1347.699
1347.899
1348.099
1348.299
1348.499
1348.699
1348.899
1349.099
1349.299
1349.499
1349.699
1349.899
1350.099
1350.299
1350.499
1350.699
1350.899
1351.099
1351.299
1351.499
1351.699
1351.899
1352.099
1352.299
1352.499
1352.699
1352.899
1353.099
1353.299
1353.499
1353.699
1353.899
1354.099
1354.299
1354.499
1354.699
1354.899
1355.099
1355.299
1355.499
1355.699
1355.899
1356.099
1356.299
1356.499
1356.699
1356.899
1357.099
1357.299
1357.499
1357.699
1357.899
1358.099
1358.299
1358.499
1358.699
1358.899
1359.099
1359.299
1359.499
1359.699
1359.899
1360.099
1360.299
1360.499
1360.699
1360.899
1361.099
1361.299
1361.499
1361.699
1361.899
1362.099
1362.299
1362.499
1362.699
1362.899
1363.099
1363.299
1363.499
1363.699
1363.899
1364.099
1364.299
1364.499
1364.699
1364.899
1365.099
1365.299
1365.499
1365.699
1365.899
1366.099
1366.299
1366.499
1366.699
1366.899
1367.099
1367.299
1367.499
1367.699
1367.899
1368.099
1368.299
1368.499
1368.699
1368.899
1369.099
1369.299
1369.499
1369.699
1369.899
1370.099
1370.299
1370.499
1370.699
1370.899
1371.099
1371.299
1371.499
1371.699
1371.899
1372.099
1372.299
1372.499
1372.699
1372.899
1373.099
1373.299
1373.499
1373.699
1373.899
1374.099
1374.299
1374.499
1374.699
1374.899
1375.099
1375.299
1375.499
1375.699
1375.899
1376.099
1376.299
1376.499
1376.699
1376.899
1377.099
1377.299
1377.499
1377.699
1377.899
1378.099
1378.299
1378.499
1378.699
1378.899
1379.099
1379.299
1379.499
1379.699
1379.899
1380.099
1380.299
1380.499
1380.699
1380.899
1381.099
1381.299
1381.499
1381.699
1381.899
1382.099
1382.299
1382.499
1382.699
1382.899
1383.099
1383.299
1383.499
1383.699
1383.899
1384.099
1384.299
1384.499
1384.699
1384.899
1385.099
1385.299
1385.499
1385.699
1385.899
1386.099
1386.299
1386.499
1386.699
1386.899
1387.099
1387.299
1387.499
1387.699
1387.899
1388.099
1388.299
1388.499
1388.699
1388.899
1389.099
1389.299
1389.499
1389.699
1389.899
1390.099
1390.299
1390.499
1390.699
1390.899
1391.099
1391.299
1391.499
1391.699
1391.899
1392.099
1392.299
1392.499
1392.699
1392.899
1393.099
1393.299
1393.499
1393.699
1393.899
1394.099
1394.299
1394.499
1394.699
1394.899
1395.099
1395.299
1395.499
1395.699
1395.899
1396.099
1396.299
1396.499
1396.699
1396.899
1397.099
1397.299
1397.499
1397.699
1397.899
1398.099
1398.299
1398.499
1398.699
1398.899
1399.099
1399.299
1399.499
1399.699
1399.899
1400.099
1400.299
1400.499
1400.699
1400.899
1401.099
1401.299
1401.499
1401.699
1401.899
1402.099
1402.299
1402.499
1402.699
1402.899
1403.099
1403.299
1403.499
1403.699
1403.899
1404.099
1404.299
1404.499
1404.699
1404.899
1405.099
1405.299
1405.499
1405.699
1405.899
1406.099
1406.299
1406.499
1406.699
1406.899
1407.099
1407.299
1407.499
1407.699
1407.899
1408.099
1408.299
1408.499
1408.699
1408.899
1409.099
1409.299
1409.499
1409.699
1409.899
1410.099
1410.299
1410.499
1410.699
1410.899
1411.099
1411.299
1411.499
1411.699
1411.899
1412.099
1412.299
1412.499
1412.699
1412.899
1413.099
1413.299
1413.499
1413.699
1413.899
1414.099
1414.299
1414.499
1414.699
1414.899
1415.099
1415.299
1415.499
1415.699
1415.899
1416.099
1416.299
1416.499
1416.699
1416.899
1417.099
1417.299
1417.499
1417.699
1417.899
1418.099
1418.299
1418.499
1418.699
1418.899
1419.099
1419.299
1419.499
1419.699
1419.899
1420.099
1420.299
1420.499
1420.699
1420.899
1421.099
1421.299
1421.499
1421.699
1421.899
1422.099
1422.299
1422.499
1422.699
1422.899
1423.099
1423.299
1423.499
1423.699
1423.899
1424.099
1424.299
1424.499
1424.699
1424.899
1425.099
1425.299
1425.499
1425.699
1425.899
1426.099
1426.299
1426.499
1426.699
1426.899
1427.099
1427.299
1427.499
1427.699
1427.899
1428.099
1428.299
1428.499
1428.699
1428.899
1429.099
1429.299
1429.499
1429.699
1429.899
1430.099
1430.299
1430.499
1430.699
1430.899
1431.099
1431.299
1431.499
1431.699
1431.899
1432.099
1432.299
1432.499
1432.699
1432.899
1433.099
1433.299
1433.499
1433.699
1433.899
1434.099
1434.299
1434.499
1434.699
1434.899
1435.099
1435.299
1435.499
1435.699
1435.899
1436.099
1436.299
1436.499
1436.699
1436.899
1437.099
1437.299
1437.499
1437.699
1437.899
1438.099
1438.299
1438.499
1438.699
1438.899
1439.099
1439.299
1439.499
1439.699
1439.899
1440.099
1440.299
1440.499
1440.699
1440.899
1441.099
1441.299
1441.499
1441.699
1441.899
1442.099
1442.299
1442.499
1442.699
1442.899
1443.099
1443.299
1443.499
1443.699
1443.899
1444.099
1444.299
1444.499
1444.699
1444.899
1445.099
1445.299
1445.499
1445.699
1445.899
1446.099
1446.299
1446.499
1446.699
1446.899
1447.099
1447.299
1447.499
1447.699
1447.899
1448.099
1448.299
1448.499
1448.699
1448.899
1449.099
1449.299
1449.499
1449.699
1449.899
1450.099
1450.299
1450.499
1450.699
1450.899
1451.099
1451.299
1451.499
1451.699
1451.899
1452.099
1452.299
1452.499
1452.699
1452.899
1453.099
1453.299
1453.499
1453.699
1453.899
1454.099
1454.299
1454.499
1454.699
1454.899
1455.099
1455.299
1455.499
1455.699
1455.899
1456.099
1456.299
1456.499
1456.699
1456.899
1457.099
1457.299
1457.499
1457.699
1457.899
1458.099
1458.299
1458.499
1458.699
1458.899
1459.099
1459.299
1459.499
1459.699
1459.899
1460.099
1460.299
1460.499
1460.699
1460.899
1461.099
1461.299
1461.499
1461.699
1461.899
1462.099
1462.299
1462.499
1462.699
1462.899
1463.099
1463.299
1463.499
1463.699
1463.899
1464.099
1464.299
1464.499
1464.699
1464.899
1465.099
1465.299
1465.499
1465.699
1465.899
1466.099
1466.299
1466.499
1466.699
1466.899
1467.099
1467.299
1467.499
1467.699
1467.899
1468.099
1468.299
1468.499
1468.699
1468.899
1469.099
1469.299
1469.499
1469.699
1469.899
1470.099
1470.299
1470.499
1470.699
1470.899
1471.099
1471.299
1471.499
1471.699
1471.899
1472.099
1472.299
1472.499
1472.699
1472.899
1473.099
1473.299
1473.499
1473.699
1473.899
1474.099
1474.299
1474.499
1474.699
1474.899
1475.099
1475.299
1475.499
1475.699
1475.899
1476.099
1476.299
1476.499
1476.699
1476.899
1477.099
1477.299
1477.499
1477.699
1477.899
1478.099
1478.299
1478.499
1478.699
1478.899
1479.099
1479.299
1479.499
1479.699
1479.899
1480.099
1480.299
1480.499
1480.699
1480.899
1481.099
1481.299
1481.499
1481.699
1481.899
1482.099
1482.299
1482.499
1482.699
1482.899
1483.099
1483.299
1483.499
1483.699
1483.899
1484.099
1484.299
1484.499
1484.699
1484.899
1485.099
1485.299
1485.499
1485.699
1485.899
1486.099
1486.299
1486.499
1486.699
1486.899
1487.099
1487.299
1487.499
1487.699
1487.899
1488.099
1488.299
1488.499
1488.699
1488.899
1489.099
1489.299
1489.499
1489.699
1489.899
1490.099
1490.299
1490.499
1490.699
1490.899
1491.099
1491.299
1491.499
1491.699
1491.899
1492.099
1492.299
1492.499
1492.699
1492.899
1493.099
1493.299
1493.499
1493.699
1493.899
1494.099
1494.299
1494.499
1494.699
1494.899
1495.099
1495.299
1495.499
1495.699
1495.899
1496.099
1496.299
1496.499
1496.699
1496.899
1497.099
1497.299
1497.499
1497.699
1497.899
1498.099
1498.299
1498.499
1498.699
1498.899
1499.099
1499.299
1499.499
1499.699
1499.899
1500.099
1500.299
1500.499
1500.699
1500.899
1501.099
1501.299
1501.499
1501.699
1501.899
1502.099
1502.299
1502.499
1502.699
1502.899
1503.099
1503.299
1503.499
1503.699
1503.899
1504.099
1504.299
1504.499
1504.699
1504.899
1505.099
1505.299
1505.499
1505.699
1505.899
1506.099
1506.299
1506.499
1506.699
1506.899
1507.099
1507.299
1507.499
1507.699
1507.899
1508.099
1508.299
1508.499
1508.699
1508.899
1509.099
1509.299
1509.499
1509.699
1509.899
1510.099
1510.299
1510.499
1510.699
1510.899
1511.099
1511.299
1511.499
1511.699
1511.899
1512.099
1512.299
1512.499
1512.699
1512.899
1513.099
1513.299
1513.499
1513.699
1513.899
1514.099
1514.299
1514.499
1514.699
1514.899
1515.099
1515.299
1515.499
1515.699
1515.899
1516.099
1516.299
1516.499
1516.699
1516.899
1517.099
1517.299
1517.499
1517.699
1517.899
1518.099
1518.299
1518.499
1518.699
1518.899
1519.099
1519.299
1519.499
1519.699
1519.899
1520.099
1520.299
1520.499
1520.699
1520.899
1521.099
1521.299
1521.499
1521.699
1521.899
1522.099
1522.299
1522.499
1522.699
1522.899
1523.099
1523.299
1523.499
1523.699
1523.899
1524.099
1524.299
1524.499
1524.699
1524.899
1525.099
1525.299
1525.499
1525.699
1525.899
1526.099
1526.299
1526.499
1526.699
1526.899
1527.099
1527.299
1527.499
1527.699
1527.899
1528.099
1528.299
1528.499
1528.699
1528.899
1529.099
1529.299
1529.499
1529.699
1529.899
1530.099
1530.299
1530.499
1530.699
1530.899
1531.099
1531.299
1531.499
1531.699
1531.899
1532.099
1532.299
1532.499
1532.699
1532.899
1533.099
1533.299
1533.499
1533.699
1533.899
1534.099
1534.299
1534.499
1534.699
1534.899
1535.099
1535.299
1535.499
1535.699
1535.899
1536.099
1536.299
1536.499
1536.699
1536.899
1537.099
1537.299
1537.499
1537.699
1537.899
1538.099
1538.299
1538.499
1538.699
1538.899
1539.099
1539.299
1539.499
1539.699
1539.899
1540.099
1540.299
1540.499
1540.699
1540.899
1541.099
1541.299
1541.499
1541.699
1541.899
1542.099
1542.299
1542.499
1542.699
1542.899
1543.099
1543.299
1543.499
1543.699
1543.899
1544.099
1544.299
1544.499
1544.699
1544.899
1545.099
1545.299
1545.499
1545.699
1545.899
1546.099
1546.299
1546.499
1546.699
1546.899
1547.099
1547.299
1547.499
1547.699
1547.899
1548.099
1548.299
1548.499
1548.699
1548.899
1549.099
1549.299
1549.499
1549.699
1549.899
1550.099
1550.299
1550.499
1550.699
1550.899
1551.099
1551.299
1551.499
1551.699
1551.899
1552.099
1552.299
1552.499
1552.699
1552.899
1553.099
1553.299
1553.499
1553.699
1553.899
1554.099
1554.299
1554.499
1554.699
1554.899
1555.099
1555.299
1555.499
1555.699
1555.899
1556.099
1556.299
1556.499
1556.699
1556.899
1557.099
1557.299
1557.499
1557.699
1557.899
1558.099
1558.299
1558.499
1558.699
1558.899
1559.099
1559.299
1559.499
1559.699
1559.899
1560.099
1560.299
1560.499
1560.699
1560.899
1561.099
1561.299
1561.499
1561.699
1561.899
1562.099
1562.299
1562.499
1562.699
1562.899
1563.099
1563.299
1563.499
1563.699
1563.899
1564.099
1564.299
1564.499
1564.699
1564.899
1565.099
1565.299
1565.499
1565.699
1565.899
1566.099
1566.299
1566.499
1566.699
1566.899
1567.099
1567.299
1567.499
1567.699
1567.899
1568.099
1568.299
1568.499
1568.699
1568.899
1569.099
1569.299
1569.499
1569.699
1569.899
1570.099
1570.299
1570.499
1570.699
1570.899
1571.099
1571.299
1571.499
1571.699
1571.899
1572.099
1572.299
1572.499
1572.699
1572.899
1573.099
1573.299
1573.499
1573.699
1573.899
1574.099
1574.299
1574.499
1574.699
1574.899
1575.099
1575.299
1575.499
1575.699
1575.899
1576.099
1576.299
1576.499
1576.699
1576.899
1577.099
1577.299
1577.499
1577.699
1577.899
1578.099
1578.299
1578.499
1578.699
1578.899
1579.099
1579.299
1579.499
1579.699
1579.899
1580.099
1580.299
1580.499
1580.699
1580.899
1581.099
1581.299
1581.499
1581.699
1581.899
1582.099
1582.299
1582.499
1582.699
1582.899
1583.099
1583.299
1583.499
1583.699
1583.899
1584.099
1584.299
1584.499
1584.699
1584.899
1585.099
1585.299
1585.499
1585.699
1585.899
1586.099
1586.299
1586.499
1586.699
1586.899
1587.099
1587.299
1587.499
1587.699
1587.899
1588.099
1588.299
1588.499
1588.699
1588.899
1589.099
1589.299
1589.499
1589.699
1589.899
1590.099
1590.299
1590.499
1590.699
1590.899
1591.099
1591.299
1591.499
1591.699
1591.899
1592.099
1592.299
1592.499
1592.699
1592.899
1593.099
1593.299
1593.499
1593.699
1593.899
1594.099
1594.299
1594.499
1594.699
1594.899
1595.099
1595.299
1595.499
1595.699
1595.899
1596.099
1596.299
1596.499
1596.699
1596.899
1597.099
1597.299
1597.499
1597.699
1597.899
1598.099
1598.299
1598.499
1598.699
1598.899
1599.099
1599.299
1599.499
1599.699
1599.899
1600.099
1600.299
1600.499
1600.699
1600.899
1601.099
1601.299
1601.499
1601.699
1601.899
1602.099
1602.299
1602.499
1602.699
1602.899
1603.099
1603.299
1603.499
1603.699
1603.899
1604.099
1604.299
1604.499
1604.699
1604.899
1605.099
1605.299
1605.499
1605.699
1605.899
1606.099
1606.299
1606.499
1606.699
1606.899
1607.099
1607.299
1607.499
1607.699
1607.899
1608.099
1608.299
1608.499
1608.699
1608.899
1609.099
1609.299
1609.499
1609.699
1609.899
1610.099
1610.299
1610.499
1610.699
1610.899
1611.099
1611.299
1611.499
1611.699
1611.899
1612.099
1612.299
1612.499
1612.699
1612.899
1613.099
1613.299
1613.499
1613.699
1613.899
1614.099
1614.299
1614.499
1614.699
1614.899
1615.099
1615.299
1615.499
1615.699
1615.899
1616.099
1616.299
1616.499
1616.699
1616.899
1617.099
1617.299
1617.499
1617.699
1617.899
1618.099
1618.299
1618.499
1618.699
1618.899
1619.099
1619.299
1619.499
1619.699
1619.899
1620.099
1620.299
1620.499
1620.699
1620.899
1621.099
1621.299
1621.499
1621.699
1621.899
1622.099
1622.299
1622.499
1622.699
1622.899
1623.099
1623.299
1623.499
1623.699
1623.899
1624.099
1624.299
1624.499
1624.699
1624.899
1625.099
1625.299
1625.499
1625.699
1625.899
1626.099
1626.299
1626.499
1626.699
1626.899
1627.099
1627.299
1627.499
1627.699
1627.899
1628.099
1628.299
1628.499
1628.699
1628.899
1629.099
1629.299
1629.499
1629.699
1629.899
1630.099
1630.299
1630.499
1630.699
1630.899
1631.099
1631.299
1631.499
1631.699
1631.899
1632.099
1632.299
1632.499
1632.699
1632.899
1633.099
1633.299
1633.499
1633.699
1633.899
1634.099
1634.299
1634.499
1634.699
1634.899
1635.099
1635.299
1635.499
1635.699
1635.899
1636.099
1636.299
1636.499
1636.699
1636.899
1637.099
1637.299
1637.499
1637.699
1637.899
1638.099
1638.299
1638.499
1638.699
1638.899
1639.099
1639.299
1639.499
1639.699
1639.899
1640.099
1640.299
1640.499
1640.699
1640.899
1641.099
1641.299
1641.499
1641.699
1641.899
1642.099
1642.299
1642.499
1642.699
1642.899
1643.099
1643.299
1643.499
1643.699
1643.899
1644.099
1644.299
1644.499
1644.699
1644.899
1645.099
1645.299
1645.499
1645.699
1645.899
1646.099
1646.299
1646.499
1646.699
1646.899
1647.099
1647.299
1647.499
1647.699
1647.899
1648.099
1648.299
1648.499
1648.699
1648.899
1649.099
1649.299
1649.499
1649.699
1649.899
1650.099
1650.299
1650.499
1650.699
1650.899
1651.099
1651.299
1651.499
1651.699
1651.899
1652.099
1652.299
1652.499
1652.699
1652.899
1653.099
1653.299
1653.499
1653.699
1653.899
1654.099
1654.299
1654.499
1654.699
1654.899
1655.099
1655.299
1655.499
1655.699
1655.899
1656.099
1656.299
1656.499
1656.699
1656.899
1657.099
1657.299
1657.499
1657.699
1657.899
1658.099
1658.299
1658.499
1658.699
1658.899
1659.099
1659.299
1659.499
1659.699
1659.899
1660.099
1660.299
1660.499
1660.699
1660.899
1661.099
1661.299
1661.499
1661.699
1661.899
1662.099
1662.299
1662.499
1662.699
1662.899
1663.099
1663.299
1663.499
1663.699
1663.899
1664.099
1664.299
1664.499
1664.699
1664.899
1665.099
1665.299
1665.499
1665.699
1665.899
1666.099
1666.299
1666.499
1666.699
1666.899
1667.099
1667.299
1667.499
1667.699
1667.899
1668.099
1668.299
1668.499
1668.699
1668.899
1669.099
1669.299
1669.499
1669.699
1669.899
1670.099
1670.299
1670.499
1670.699
1670.899
1671.099
1671.299
1671.499
1671.699
1671.899
1672.099
1672.299
1672.499
1672.699
1672.899
1673.099
1673.299
1673.499
1673.699
1673.899
1674.099
1674.299
1674.499
1674.699
1674.899
1675.099
1675.299
1675.499
1675.699
1675.899
1676.099
1676.299
1676.499
1676.699
1676.899
1677.099
1677.299
1677.499
1677.699
1677.899
1678.099
1678.299
1678.499
1678.699
1678.899
1679.099
1679.299
1679.499
1679.699
1679.899
1680.099
1680.299
1680.499
1680.699
1680.899
1681.099
1681.299
1681.499
1681.699
1681.899
1682.099
1682.299
1682.499
1682.699
1682.899
1683.099
1683.299
1683.499
1683.699
1683.899
1684.099
1684.299
1684.499
1684.699
1684.899
1685.099
1685.299
1685.499
1685.699
1685.899
1686.099
1686.299
1686.499
1686.699
1686.899
1687.099
1687.299
1687.499
1687.699
1687.899
1688.099
1688.299
1688.499
1688.699
1688.899
1689.099
1689.299
1689.499
1689.699
1689.899
1690.099
1690.299
1690.499
1690.699
1690.899
1691.099
1691.299
1691.499
1691.699
1691.899
1692.099
1692.299
1692.499
1692.699
1692.899
1693.099
1693.299
1693.499
1693.699
1693.899
1694.099
1694.299
1694.499
1694.699
1694.899
1695.099
1695.299
1695.499
1695.699
1695.899
1696.099
1696.299
1696.499
1696.699
1696.899
1697.099
1697.299
1697.499
1697.699
1697.899
1698.099
1698.299
1698.499
1698.699
1698.899
1699.099
1699.299
1699.499
1699.699
1699.899
1700.099
1700.299
1700.499
1700.699
1700.899
1701.099
1701.299
1701.499
1701.699
1701.899
1702.099
1702.299
1702.499
1702.699
1702.899
1703.099
1703.299
1703.499
1703.699
1703.899
1704.099
1704.299
1704.499
1704.699
1704.899
1705.099
1705.299
1705.499
1705.699
1705.899
1706.099
1706.299
1706.499
1706.699
1706.899
1707.099
1707.299
1707.499
1707.699
1707.899
1708.099
1708.299
1708.499
1708.699
1708.899
1709.099
1709.299
1709.499
1709.699
1709.899
1710.099
1710.299
1710.499
1710.699
1710.899
1711.099
1711.299
1711.499
1711.699
1711.899
1712.099
1712.299
1712.499
1712.699
1712.899
1713.099
1713.299
1713.499
1713.699
1713.899
1714.099
1714.299
1714.499
1714.699
1714.899
1715.099
1715.299
1715.499
1715.699
1715.899
1716.099
1716.299
1716.499
1716.699
1716.899
1717.099
1717.299
1717.499
1717.699
1717.899
1718.099
1718.299
1718.499
1718.699
1718.899
1719.099
1719.299
1719.499
1719.699
1719.899
1720.099
1720.299
1720.499
1720.699
1720.899
1721.099
1721.299
1721.499
1721.699
1721.899
1722.099
1722.299
1722.499
1722.699
1722.899
1723.099
1723.299
1723.499
1723.699
1723.899
1724.099
1724.299
1724.499
1724.699
1724.899
1725.099
1725.299
1725.499
1725.699
1725.899
1726.099
1726.299
1726.499
1726.699
1726.899
1727.099
1727.299
1727.499
1727.699
1727.899
1728.099
1728.299
1728.499
1728.699
1728.899
1729.099
1729.299
1729.499
1729.699
1729.899
1730.099
1730.299
1730.499
1730.699
1730.899
1731.099
1731.299
1731.499
1731.699
1731.899
1732.099
1732.299
1732.499
1732.699
1732.899
1733.099
1733.299
1733.499
1733.699
1733.899
1734.099
1734.299
1734.499
1734.699
1734.899
1735.099
1735.299
1735.499
1735.699
1735.899
1736.099
1736.299
1736.499
1736.699
1736.899
1737.099
1737.299
1737.499
1737.699
1737.899
1738.099
1738.299
1738.499
1738.699
1738.899
1739.099
1739.299
1739.499
1739.699
1739.899
1740.099
1740.299
1740.499
1740.699
1740.899
1741.099
1741.299
1741.499
1741.699
1741.899
1742.099
1742.299
1742.499
1742.699
1742.899
1743.099
1743.299
1743.499
1743.699
1743.899
1744.099
1744.299
1744.499
1744.699
1744.899
1745.099
1745.299
1745.499
1745.699
1745.899
1746.099
1746.299
1746.499
1746.699
1746.899
1747.099
1747.299
1747.499
1747.699
1747.899
1748.099
1748.299
1748.499
1748.699
1748.899
1749.099
1749.299
1749.499
1749.699
1749.899
1750.099
1750.299
1750.499
1750.699
1750.899
1751.099
1751.299
1751.499
1751.699
1751.899
1752.099
1752.299
1752.499
1752.699
1752.899
1753.099
1753.299
1753.499
1753.699
1753.899
1754.099
1754.299
1754.499
1754.699
1754.899
1755.099
1755.299
1755.499
1755.699
1755.899
1756.099
1756.299
1756.499
1756.699
1756.899
1757.099
1757.299
1757.499
1757.699
1757.899
1758.099
1758.299
1758.499
1758.699
1758.899
1759.099
1759.299
1759.499
1759.699
1759.899
1760.099
1760.299
1760.499
1760.699
1760.899
1761.099
1761.299
1761.499
1761.699
1761.899
1762.099
1762.299
1762.499
1762.699
1762.899
1763.099
1763.299
1763.499
1763.699
1763.899
1764.099
1764.299
1764.499
1764.699
1764.899
1765.099
1765.299
1765.499
1765.699
1765.899
1766.099
1766.299
1766.499
1766.699
1766.899
1767.099
1767.299
1767.499
1767.699
1767.899
1768.099
1768.299
1768.499
1768.699
1768.899
1769.099
1769.299
1769.499
1769.699
1769.899
1770.099
1770.299
1770.499
1770.699
1770.899
1771.099
1771.299
1771.499
1771.699
1771.899
1772.099
1772.299
1772.499
1772.699
1772.899
1773.099
1773.299
1773.499
1773.699
1773.899
1774.099
1774.299
1774.499
1774.699
1774.899
1775.099
1775.299
1775.499
1775.699
1775.899
1776.099
1776.299
1776.499
1776.699
1776.899
1777.099
1777.299
1777.499
1777.699
1777.899
1778.099
1778.299
1778.499
1778.699
1778.899
1779.099
1779.299
1779.499
1779.699
1779.899
1780.099
1780.299
1780.499
1780.699
1780.899
1781.099
1781.299
1781.499
1781.699
1781.899
1782.099
1782.299
1782.499
1782.699
1782.899
1783.099
1783.299
1783.499
1783.699
1783.899
1784.099
1784.299
1784.499
1784.699
1784.899
1785.099
1785.299
1785.499
1785.699
1785.899
1786.099
1786.299
1786.499
1786.699
1786.899
1787.099
1787.299
1787.499
1787.699
1787.899
1788.099
1788.299
1788.499
1788.699
1788.899
1789.099
1789.299
1789.499
1789.699
1789.899
1790.099
1790.299
1790.499
1790.699
1790.899
1791.099
1791.299
1791.499
1791.699
1791.899
1792.099
1792.299
1792.499
1792.699
1792.899
1793.099
1793.299
1793.499
1793.699
1793.899
1794.099
1794.299
1794.499
1794.699
1794.899
1795.099
1795.299
1795.499
1795.699
1795.899
1796.099
1796.299
1796.499
1796.699
1796.899
1797.099
1797.299
1797.499
1797.699
1797.899
1798.099
1798.299
1798.499
1798.699
1798.899
1799.099
1799.299
1799.499
1799.699
1799.899
1800.099
1800.299
1800.499
1800.699
1800.899
1801.099
1801.299
1801.499
1801.699
1801.899
1802.099
1802.299
1802.499
1802.699
1802.899
1803.099
1803.299
1803.499
1803.699
1803.899
1804.099
1804.299
1804.499
1804.699
1804.899
1805.099
1805.299
1805.499
1805.699
1805.899
1806.099
1806.299
1806.499
1806.699
1806.899
1807.099
1807.299
1807.499
1807.699
1807.899
1808.099
1808.299
1808.499
1808.699
1808.899
1809.099
1809.299
1809.499
1809.699
1809.899
1810.099
1810.299
1810.499
1810.699
1810.899
1811.099
1811.299
1811.499
1811.699
1811.899
1812.099
1812.299
1812.499
1812.699
1812.899
1813.099
1813.299
1813.499
1813.699
1813.899
1814.099
1814.299
1814.499
1814.699
1814.899
1815.099
1815.299
1815.499
1815.699
1815.899
1816.099
1816.299
1816.499
1816.699
1816.899
1817.099
1817.299
1817.499
1817.699
1817.899
1818.099
1818.299
1818.499
1818.699
1818.899
1819.099
1819.299
1819.499
1819.699
1819.899
1820.099
1820.299
1820.499
1820.699
1820.899
1821.099
1821.299
1821.499
1821.699
1821.899
1822.099
1822.299
1822.499
1822.699
1822.899
1823.099
1823.299
1823.499
1823.699
1823.899
1824.099
1824.299
1824.499
1824.699
1824.899
1825.099
1825.299
1825.499
1825.699
1825.899
1826.099
1826.299
1826.499
1826.699
1826.899
1827.099
1827.299
1827.499
1827.699
1827.899
1828.099
1828.299
1828.499
1828.699
1828.899
1829.099
1829.299
1829.499
1829.699
1829.899
1830.099
1830.299
1830.499
1830.699
1830.899
1831.099
1831.299
1831.499
1831.699
1831.899
1832.099
1832.299
1832.499
1832.699
1832.899
1833.099
1833.299
1833.499
1833.699
1833.899
1834.099
1834.299
1834.499
1834.699
1834.899
1835.099
1835.299
1835.499
1835.699
1835.899
1836.099
1836.299
1836.499
1836.699
1836.899
1837.099
1837.299
1837.499
1837.699
1837.899
1838.099
1838.299
1838.499
1838.699
1838.899
1839.099
1839.299
1839.499
1839.699
1839.899
1840.099
1840.299
1840.499
1840.699
1840.899
1841.099
1841.299
1841.499
1841.699
1841.899
1842.099
1842.299
1842.499
1842.699
1842.899
1843.099
1843.299
1843.499
1843.699
1843.899
1844.099
1844.299
1844.499
1844.699
1844.899
1845.099
1845.299
1845.499
1845.699
1845.899
1846.099
1846.299
1846.499
1846.699
1846.899
1847.099
1847.299
1847.499
1847.699
1847.899
1848.099
1848.299
1848.499
1848.699
1848.899
1849.099
1849.299
1849.499
1849.699
1849.899
1850.099
1850.299
1850.499
1850.699
1850.899
1851.099
1851.299
1851.499
1851.699
1851.899
1852.099
1852.299
1852.499
1852.699
1852.899
1853.099
1853.299
1853.499
1853.699
1853.899
1854.099
1854.299
1854.499
1854.699
1854.899
1855.099
1855.299
1855.499
1855.699
1855.899
1856.099
1856.299
1856.499
1856.699
1856.899
1857.099
1857.299
1857.499
1857.699
1857.899
1858.099
1858.299
1858.499
1858.699
1858.899
1859.099
1859.299
1859.499
1859.699
1859.899
1860.099
1860.299
1860.499
1860.699
1860.899
1861.099
1861.299
1861.499
1861.699
1861.899
1862.099
1862.299
1862.499
1862.699
1862.899
1863.099
1863.299
1863.499
1863.699
1863.899
1864.099
1864.299
1864.499
1864.699
1864.899
1865.099
1865.299
1865.499
1865.699
1865.899
1866.099
1866.299
1866.499
1866.699
1866.899
1867.099
1867.299
1867.499
1867.699
1867.899
1868.099
1868.299
1868.499
1868.699
1868.899
1869.099
1869.299
1869.499
1869.699
1869.899
1870.099
1870.299
1870.499
1870.699
1870.899
1871.099
1871.299
1871.499
1871.699
1871.899
1872.099
1872.299
1872.499
1872.699
1872.899
1873.099
1873.299
1873.499
1873.699
1873.899
1874.099
1874.299
1874.499
1874.699
1874.899
1875.099
1875.299
1875.499
1875.699
1875.899
1876.099
1876.299
1876.499
1876.699
1876.899
1877.099
1877.299
1877.499
1877.699
1877.899
1878.099
1878.299
1878.499
1878.699
1878.899
1879.099
1879.299
1879.499
1879.699
1879.899
1880.099
1880.299
1880.499
1880.699
1880.899
1881.099
1881.299
1881.499
1881.699
1881.899
1882.099
1882.299
1882.499
1882.699
1882.899
1883.099
1883.299
1883.499
1883.699
1883.899
1884.099
1884.299
1884.499
1884.699
1884.899
1885.099
1885.299
1885.499
1885.699
1885.899
1886.099
1886.299
1886.499
1886.699
1886.899
1887.099
1887.299
1887.499
1887.699
1887.899
1888.099
1888.299
1888.499
1888.699
1888.899
1889.099
1889.299
1889.499
1889.699
1889.899
1890.099
1890.299
1890.499
1890.699
1890.899
1891.099
1891.299
1891.499
1891.699
1891.899
1892.099
1892.299
1892.499
1892.699
1892.899
1893.099
1893.299
1893.499
1893.699
1893.899
1894.099
1894.299
1894.499
1894.699
1894.899
1895.099
1895.299
1895.499
1895.699
1895.899
1896.099
1896.299
1896.499
1896.699
1896.899
1897.099
1897.299
1897.499
1897.699
1897.899
1898.099
1898.299
1898.499
1898.699
1898.899
1899.099
1899.299
1899.499
1899.699
1899.899
1900.099
1900.299
1900.499
1900.699
1900.899
1901.099
1901.299
1901.499
1901.699
1901.899
1902.099
1902.299
1902.499
1902.699
1902.899
1903.099
1903.299
1903.499
1903.699
1903.899
1904.099
1904.299
1904.499
1904.699
1904.899
1905.099
1905.299
1905.499
1905.699
1905.899
1906.099
1906.299
1906.499
1906.699
1906.899
1907.099
1907.299
1907.499
1907.699
1907.899
1908.099
1908.299
1908.499
1908.699
1908.899
1909.099
1909.299
1909.499
1909.699
1909.899
1910.099
1910.299
1910.499
1910.699
1910.899
1911.099
1911.299
1911.499
1911.699
1911.899
1912.099
1912.299
1912.499
1912.699
1912.899
1913.099
1913.299
1913.499
1913.699
1913.899
1914.099
1914.299
1914.499
1914.699
1914.899
1915.099
1915.299
1915.499
1915.699
1915.899
1916.099
1916.299
1916.499
1916.699
1916.899
1917.099
1917.299
1917.499
1917.699
1917.899
1918.099
1918.299
1918.499
1918.699
1918.899
1919.099
1919.299
1919.499
1919.699
1919.899
1920.099
1920.299
1920.499
1920.699
1920.899
1921.099
1921.299
1921.499
1921.699
1921.899
1922.099
1922.299
1922.499
1922.699
1922.899
1923.099
1923.299
1923.499
1923.699
1923.899
1924.099
1924.299
1924.499
1924.699
1924.899
1925.099
1925.299
1925.499
1925.699
1925.899
1926.099
1926.299
1926.499
1926.699
1926.899
1927.099
1927.299
1927.499
1927.699
1927.899
1928.099
1928.299
1928.499
1928.699
1928.899
1929.099
1929.299
1929.499
1929.699
1929.899
1930.099
1930.299
1930.499
1930.699
1930.899
1931.099
1931.299
1931.499
1931.699
1931.899
1932.099
1932.299
1932.499
1932.699
1932.899
1933.099
1933.299
1933.499
1933.699
1933.899
1934.099
1934.299
1934.499
1934.699
1934.899
1935.099
1935.299
1935.499
1935.699
1935.899
1936.099
1936.299
1936.499
1936.699
1936.899
1937.099
1937.299
1937.499
1937.699
1937.899
1938.099
1938.299
1938.499
1938.699
1938.899
1939.099
1939.299
1939.499
1939.699
1939.899
1940.099
1940.299
1940.499
1940.699
1940.899
1941.099
1941.299
1941.499
1941.699
1941.899
1942.099
1942.299
1942.499
1942.699
1942.899
1943.099
1943.299
1943.499
1943.699
1943.899
1944.099
1944.299
1944.499
1944.699
1944.899
1945.099
1945.299
1945.499
1945.699
1945.899
1946.099
1946.299
1946.499
1946.699
1946.899
1947.099
1947.299
1947.499
1947.699
1947.899
1948.099
1948.299
1948.499
1948.699
1948.899
1949.099
1949.299
1949.499
1949.699
1949.899
1950.099
1950.299
1950.499
1950.699
1950.899
1951.099
1951.299
1951.499
1951.699
1951.899
1952.099
1952.299
1952.499
1952.699
1952.899
1953.099
1953.299
1953.499
1953.699
1953.899
1954.099
1954.299
1954.499
1954.699
1954.899
1955.099
1955.299
1955.499
1955.699
1955.899
1956.099
1956.299
